{
 "cells": [
  {
   "cell_type": "markdown",
   "metadata": {},
   "source": [
    "# AP(P)3RO PROJECT (model de démo) #\n",
    "\n",
    "\n",
    "#### M. Le Gras, A. Naullet, A. Calixte, P. Beaunieux ####"
   ]
  },
  {
   "cell_type": "markdown",
   "metadata": {},
   "source": [
    "## Partie 1: Trouver un Chemin Eulerien ##"
   ]
  },
  {
   "cell_type": "markdown",
   "metadata": {},
   "source": [
    "On simule une ville avec un petit graphe"
   ]
  },
  {
   "cell_type": "code",
   "execution_count": 16,
   "metadata": {},
   "outputs": [],
   "source": [
    "import numpy as np"
   ]
  },
  {
   "cell_type": "code",
   "execution_count": 17,
   "metadata": {},
   "outputs": [
    {
     "name": "stdout",
     "output_type": "stream",
     "text": [
      "[(1, 2, 29), (2, 3, 13), (3, 4, 21), (4, 8, 10), (8, 2, 2), (8, 5, 20), (8, 6, 12), (6, 7, 6), (6, 1, 22)]\n"
     ]
    }
   ],
   "source": [
    "#voici un graph simulant un morceau de ville\n",
    "#(node1,node2, distance)                                                                                                                                 \n",
    "G = [(1,2,29), (2,3,13), (3,4,21), (4,8,10), (8,2,2), (8,5,20), (8,6,12), (6,7,6), (6,1,22)]\n",
    "print(G)"
   ]
  },
  {
   "cell_type": "markdown",
   "metadata": {},
   "source": [
    "<img src=\"../assets/img/graph_num.png\" width=\"400\">"
   ]
  },
  {
   "cell_type": "markdown",
   "metadata": {},
   "source": [
    "### 1.2 Transformer un graph non-eulerienen un graph eulerien ###"
   ]
  },
  {
   "cell_type": "markdown",
   "metadata": {},
   "source": [
    "L'idée c'est de trouver un chemin eulerien, cependant notre graphe n'est pas eulerien\n",
    "Nous allons alors utilisé un algo qui transforme un graph non-eulerien en un graph eulerien (sans altéré ses propriétés). Enfin on pourra utiliser un algo qui trouve un chemin eulerien c-a-d un chemin qui passe par toutes les arretes du graphes simulant un parcours de toutes les rues de la ville."
   ]
  },
  {
   "cell_type": "code",
   "execution_count": 10,
   "metadata": {},
   "outputs": [],
   "source": [
    "# transformation du graph vers un graph eulerien\n",
    "def odd_vertices(n, edges):\n",
    "    deg = [0] * n\n",
    "    for (a,b,c) in edges:\n",
    "        deg[a] += 1\n",
    "        deg[b] += 1\n",
    "        \n",
    "    return [a for a in range(n) if deg[a] % 2]\n",
    "\n",
    "def is_edges(n, edges, node1, node2):\n",
    "    for (a, b, c) in edges:\n",
    "        if (a == node1 and b == node2) or (a == node2 and b == node1):\n",
    "            return (a,b,c)\n",
    "    return None\n",
    "\n",
    "def list_edges(n, edges, l_vodd):\n",
    "    res = []\n",
    "    index = 1\n",
    "    for a in l_vodd:\n",
    "        #print(\"list edges:\", (index*100)//len(l_vodd))\n",
    "        index+=1\n",
    "        for b in l_vodd:\n",
    "            if (a == b):\n",
    "                continue\n",
    "            tmp = is_edges(n, edges, a, b)\n",
    "            if (tmp and tmp not in res) :\n",
    "                #print(\"MATCH:\", a, b)\n",
    "                res.append(tmp)\n",
    "    return res\n",
    "\n",
    "def shortest_edge_idx(l_edges):\n",
    "    if (len(l_edges) == 0):\n",
    "        return None\n",
    "    shortest = l_edges[0][2]\n",
    "    shortest_index = 0\n",
    "    \n",
    "    index = 1\n",
    "    for (a,b,c) in l_edges[1:]:\n",
    "        if (c < shortest):\n",
    "            shortest = c\n",
    "            shortest_index = index\n",
    "        index+=1\n",
    "    return l_edges[shortest_index]\n",
    "\n",
    "def transform_to_eulerian(n, edges):\n",
    "    list_vodd = odd_vertices(n, edges)\n",
    "    l_edges = list_edges(n, edges, list_vodd)\n",
    "    \n",
    "    len_vodd = len(list_vodd)\n",
    "    if (len_vodd == 2 or len_vodd == 0): #case is already eulerian\n",
    "        return edges\n",
    "    #print(list_vodd)\n",
    "    #print(l_edges)\n",
    "    while(len(list_vodd) != 2):\n",
    "        list_vodd = odd_vertices(n, edges)\n",
    "        l_edges = list_edges(n, edges, list_vodd)\n",
    "        \n",
    "        shortest_edge = shortest_edge_idx(l_edges)\n",
    "        #add edge between two\n",
    "        (a,b,c) = shortest_edge\n",
    "        new_edge = (b,a,c)\n",
    "        edges.append(new_edge)\n",
    "        \n",
    "        #delete from vodd\n",
    "        if (a in list_vodd):\n",
    "            list_vodd.remove(a)\n",
    "        if (b in list_vodd):\n",
    "            list_vodd.remove(b)\n",
    "        \n",
    "        #delete from list_edges\n",
    "        l_edges.remove(shortest_edge)\n",
    "    return edges"
   ]
  },
  {
   "cell_type": "markdown",
   "metadata": {},
   "source": [
    " L'algo de transformation en graph eulerien doit donner le graph ci-dessous.<br>\n",
    " Le concept est le suivant doubler certaines des arretes des noeuds impaires pour simuler un graphe Eulerien.<br>\n",
    " Ainsi, on pourra utiliser un algo qui trouve un chemin eulerien sur notre graphe."
   ]
  },
  {
   "cell_type": "markdown",
   "metadata": {},
   "source": [
    "<img src=\"../assets/img/eulerian_graph.png\" width=\"400\">"
   ]
  },
  {
   "cell_type": "code",
   "execution_count": 11,
   "metadata": {},
   "outputs": [
    {
     "name": "stdout",
     "output_type": "stream",
     "text": [
      "Graph initial: [(1, 2, 29), (2, 3, 13), (3, 4, 21), (4, 8, 10), (8, 2, 2), (8, 5, 20), (8, 6, 12), (6, 7, 6), (6, 1, 22), (7, 6, 6)]\n",
      "Graph modifié: [(1, 2, 29), (2, 3, 13), (3, 4, 21), (4, 8, 10), (8, 2, 2), (8, 5, 20), (8, 6, 12), (6, 7, 6), (6, 1, 22), (7, 6, 6)]\n"
     ]
    }
   ],
   "source": [
    "print(\"Graph initial:\", G)\n",
    "G_prime = transform_to_eulerian(len(G), G)\n",
    "print(\"Graph modifié:\", G_prime)"
   ]
  },
  {
   "cell_type": "markdown",
   "metadata": {},
   "source": [
    "On a bien une arrête qui s'est rajouté entre les noeuds 6 et 7.<br> Notre algo de transformation vers un graph Eulerien semble fonctionner"
   ]
  },
  {
   "cell_type": "markdown",
   "metadata": {},
   "source": [
    "### 1.3 Trouver le chemin eulerien ###"
   ]
  },
  {
   "cell_type": "code",
   "execution_count": 28,
   "metadata": {},
   "outputs": [],
   "source": [
    "from copy import copy\n",
    "\n",
    "'''\n",
    "    is_connected - Checks if a graph in the form of a dictionary is \n",
    "    connected or not, using Breadth-First Search Algorithm (BFS)\n",
    "'''\n",
    "def is_connected(G):\n",
    "    start_node = list(G)[0]\n",
    "    color = {v: 'white' for v in G}\n",
    "    color[start_node] = 'gray'\n",
    "    S = [start_node]\n",
    "    while len(S) != 0:\n",
    "        u = S.pop()\n",
    "        for v in G[u]:\n",
    "            if color[v] == 'white':\n",
    "                color[v] = 'gray'\n",
    "                S.append(v)\n",
    "            color[u] = 'black'\n",
    "    return list(color.values()).count('black') == len(G)\n",
    "\n",
    "'''\n",
    "    odd_degree_nodes - returns a list of all G odd degrees nodes\n",
    "'''\n",
    "def odd_degree_nodes(G):\n",
    "    odd_degree_nodes = []\n",
    "    for u in G:\n",
    "        if len(G[u]) % 2 != 0:\n",
    "            odd_degree_nodes.append(u)\n",
    "    return odd_degree_nodes\n",
    "\n",
    "'''\n",
    "    from_dict - return a list of tuples links from a graph G in a \n",
    "    dictionary format\n",
    "'''    \n",
    "def from_dict(G):\n",
    "    links = []\n",
    "    for u in G:\n",
    "        for v in G[u]:\n",
    "            links.append((u,v))\n",
    "    return links\n",
    "\n",
    "'''\n",
    "    fleury(G) - return eulerian trail from graph G or a \n",
    "    string 'Not Eulerian Graph' if it's not possible to trail a path\n",
    "'''\n",
    "def fleury(G):\n",
    "    '''\n",
    "        checks if G has eulerian cycle or trail\n",
    "    '''\n",
    "    odn = odd_degree_nodes(G)\n",
    "    #print(odn)\n",
    "    if len(odn) > 2 or len(odn) == 1:\n",
    "        return 'Not Eulerian Graph'\n",
    "    else:\n",
    "        g = copy(G)\n",
    "        trail = []\n",
    "        if len(odn) == 2:\n",
    "            u = odn[0]\n",
    "        else:\n",
    "            u = list(g)[0]\n",
    "        # - - - \n",
    "        init = len(from_dict(g)) + 0.0\n",
    "        old_pourcentage = -1\n",
    "        # - - -\n",
    "        \n",
    "        while len(from_dict(g)) > 0:\n",
    "            \n",
    "            # - - - - Affichage du % - - - - -\n",
    "            pourcentage = round((init - len(from_dict(g)) )*100.0/init, 1)\n",
    "            if pourcentage > old_pourcentage:\n",
    "                len_to_clear = len(str(old_pourcentage))+1\n",
    "                clear = '\\x08' * (len_to_clear + 2)\n",
    "                old_pourcentage = pourcentage\n",
    "                print(clear,end=\"\")\n",
    "                print(\"\\r[*] Compute Eulerian path:\", pourcentage, \"%\", end='', flush=True)\n",
    "            # - - - - - - - - - - - - - - - - -\n",
    "            current_vertex = u\n",
    "            for u in g[current_vertex]:\n",
    "                g[current_vertex].remove(u)\n",
    "                g[u].remove(current_vertex)\n",
    "                bridge = not is_connected(g)\n",
    "                if bridge:\n",
    "                    g[current_vertex].append(u)\n",
    "                    g[u].append(current_vertex)\n",
    "                else:\n",
    "                    break\n",
    "            if bridge:\n",
    "                g[current_vertex].remove(u)\n",
    "                g[u].remove(current_vertex)\n",
    "                g.pop(current_vertex)\n",
    "            trail.append((current_vertex, u))\n",
    "    print(\"\")\n",
    "    return trail\n",
    "\n",
    "#adapter le format de notre graph au format dictionnaire de l'algo \"fleury\"\n",
    "def to_dict(G):\n",
    "    dict_graph = {}\n",
    "    for (a,b) in G:\n",
    "        dict_graph[a] = []\n",
    "        dict_graph[b] = []\n",
    "    for (a,b) in G:\n",
    "        dict_graph[a].append(b)\n",
    "        dict_graph[b].append(a)\n",
    "    return dict_graph\n",
    "\n"
   ]
  },
  {
   "cell_type": "code",
   "execution_count": 29,
   "metadata": {},
   "outputs": [],
   "source": [
    "#On utlise toutes les fonctions précedement définies:\n",
    "\n",
    "def transform_and_find_eulerian_path(graph, verbose=False):\n",
    "    if (verbose):\n",
    "        print(\"Initial Graph:\", graph)\n",
    "    graph = transform_to_eulerian(len(graph), graph)\n",
    "    graph2 = []\n",
    "    if (verbose):\n",
    "        print(\"To Eulerian Graph:\", graph)\n",
    "    ### on enlève la ponderation\n",
    "    for (a,b,c) in graph:\n",
    "        graph2.append((a,b))\n",
    "\n",
    "    dict_graph2 = to_dict(graph2)\n",
    "    E_path = fleury(dict_graph2)\n",
    "    if (verbose):\n",
    "        print(\"Eulerian path:\", E_path)\n",
    "    return E_path"
   ]
  },
  {
   "cell_type": "code",
   "execution_count": 32,
   "metadata": {},
   "outputs": [
    {
     "name": "stdout",
     "output_type": "stream",
     "text": [
      "Initial Graph: [(1, 2, 29), (2, 3, 13), (3, 4, 21), (4, 8, 10), (8, 2, 2), (8, 5, 20), (8, 6, 12), (6, 7, 6), (6, 1, 22), (7, 6, 6)]\n",
      "To Eulerian Graph: [(1, 2, 29), (2, 3, 13), (3, 4, 21), (4, 8, 10), (8, 2, 2), (8, 5, 20), (8, 6, 12), (6, 7, 6), (6, 1, 22), (7, 6, 6)]\n",
      "[*] Compute Eulerian path: 90.0 %\n",
      "Eulerian path: [(2, 1), (1, 6), (6, 7), (7, 6), (6, 8), (8, 4), (4, 3), (3, 2), (2, 8), (8, 5)]\n"
     ]
    }
   ],
   "source": [
    "path = transform_and_find_eulerian_path(G,True)"
   ]
  },
  {
   "cell_type": "markdown",
   "metadata": {},
   "source": [
    "Ce qui donne le chemin suivant:\n",
    "<img src=\"../assets/img/eulerian_path.png\" width=\"400\">"
   ]
  },
  {
   "cell_type": "code",
   "execution_count": 33,
   "metadata": {
    "scrolled": false
   },
   "outputs": [
    {
     "name": "stdout",
     "output_type": "stream",
     "text": [
      "Initial Graph: [(0, 1, 9), (1, 2, 28), (1, 22, 27), (2, 3, 6), (3, 4, 13), (3, 6, 20), (4, 5, 25), (5, 6, 11), (5, 14, 18), (6, 7, 7), (7, 8, 18), (8, 9, 13), (8, 10, 29), (10, 11, 9), (11, 12, 10), (11, 18, 7), (12, 13, 11), (12, 14, 2), (13, 14, 5), (13, 15, 5), (15, 16, 11), (15, 21, 11), (16, 17, 18), (16, 21, 19), (17, 18, 23), (17, 19, 4), (18, 19, 24), (19, 20, 9), (21, 22, 1)]\n",
      "To Eulerian Graph: [(0, 1, 9), (1, 2, 28), (1, 22, 27), (2, 3, 6), (3, 4, 13), (3, 6, 20), (4, 5, 25), (5, 6, 11), (5, 14, 18), (6, 7, 7), (7, 8, 18), (8, 9, 13), (8, 10, 29), (10, 11, 9), (11, 12, 10), (11, 18, 7), (12, 13, 11), (12, 14, 2), (13, 14, 5), (13, 15, 5), (15, 16, 11), (15, 21, 11), (16, 17, 18), (16, 21, 19), (17, 18, 23), (17, 19, 4), (18, 19, 24), (19, 20, 9), (21, 22, 1), (14, 12, 2), (19, 17, 4), (15, 13, 5), (18, 11, 7), (1, 0, 9), (6, 5, 11), (9, 8, 13), (21, 16, 19)]\n",
      "[*] Compute Eulerian path: 97.3 %\n",
      "Eulerian path: [(3, 2), (2, 1), (1, 0), (0, 1), (1, 22), (22, 21), (21, 15), (15, 13), (13, 12), (12, 11), (11, 10), (10, 8), (8, 9), (9, 8), (8, 7), (7, 6), (6, 3), (3, 4), (4, 5), (5, 6), (6, 5), (5, 14), (14, 12), (12, 14), (14, 13), (13, 15), (15, 16), (16, 21), (21, 16), (16, 17), (17, 18), (18, 11), (11, 18), (18, 19), (19, 17), (17, 19), (19, 20)]\n"
     ]
    }
   ],
   "source": [
    "# TEST en plus\n",
    "#TEST = [(0,2,12),(2,3,9),(3,0,7),(2,0,23),(2,1,18),(3,1,2),(1,2,4)]\n",
    "#if (transform_and_find_eulerian_path(TEST)):\n",
    "#    print(\"test: OK\")\n",
    "\n",
    "# TEST encore en plus avec un gros graph\n",
    "tab = [(0, 1, 9), (1, 2, 28), (1, 22, 27), (2, 3, 6), (3, 4, 13), (3, 6, 20), (4, 5, 25), (5, 6, 11), (5, 14, 18), (6, 7, 7), (7, 8, 18), (8, 9, 13), (8, 10, 29), (10, 11, 9), (11, 12, 10), (11, 18, 7), (12, 13, 11), (12, 14, 2), (13, 14, 5), (13, 15, 5), (15, 16, 11), (15, 21, 11), (16, 17, 18), (16, 21, 19), (17, 18, 23), (17, 19, 4), (18, 19, 24), (19, 20, 9), (21, 22, 1)]\n",
    "len(tab)\n",
    "big_graph_path = transform_and_find_eulerian_path(tab, True)\n",
    "\n",
    "\n",
    "###TO REMOVE TEST: \n",
    "#tab = [(1, 2, 7.684), (1, 3, 32.165), (1, 4, 47.475), (3, 5, 141.172), (3, 1, 32.165), (3, 6, 225.45000000000002), (5, 3, 141.172), (5, 7, 42.074), (5, 8, 123.21900000000001), (5, 9, 113.902), (10, 11, 49.541), (10, 9, 113.712), (10, 12, 35.389), (13, 14, 66.519), (13, 4, 112.255), (13, 9, 58.559999999999995), (15, 16, 11.34), (15, 17, 35.443999999999996), (15, 18, 11.735), (19, 20, 272.064), (19, 21, 79.89999999999999), (22, 23, 4.266), (22, 24, 208.521), (22, 25, 184.002), (26, 27, 293.0), (28, 29, 90.594), (28, 30, 107.923), (28, 31, 172.778), (28, 32, 198.102), (27, 26, 293.0), (27, 33, 68.338), (27, 20, 111.27900000000001), (8, 34, 20.532), (8, 35, 84.792), (8, 5, 123.21900000000001), (36, 37, 34.317), (36, 38, 75.131), (36, 39, 90.58), (11, 10, 49.541), (11, 40, 42.217), (11, 34, 99.71100000000001), (25, 39, 57.36), (25, 22, 184.00199999999998), (25, 41, 86.86000000000001), (39, 36, 90.58000000000001), (39, 25, 57.36), (39, 41, 94.97099999999999), (39, 38, 78.038), (38, 42, 203.28500000000003), (38, 36, 75.131), (38, 39, 78.038), (43, 44, 19.399), (43, 45, 12.596), (43, 46, 19.651), (44, 47, 10.452), (44, 43, 19.399), (44, 48, 17.821), (47, 49, 5.251), (47, 44, 10.452), (47, 50, 92.137), (49, 47, 5.251), (49, 51, 12.589), (49, 52, 14.724), (45, 43, 12.596), (45, 53, 8.879), (45, 54, 95.439), (55, 23, 86.247), (55, 53, 96.25399999999999), (55, 54, 72.049), (41, 24, 119.134), (41, 39, 94.971), (41, 25, 86.86), (50, 56, 14.274), (50, 47, 92.13699999999999), (50, 48, 74.236), (57, 58, 27.265), (58, 57, 27.265), (58, 59, 33.41), (58, 60, 33.705), (61, 62, 139.41), (61, 63, 33.551), (61, 64, 73.195), (61, 65, 31.847), (61, 66, 10.728000000000002), (67, 68, 3.896), (67, 21, 87.69500000000001), (68, 67, 3.896), (68, 69, 265.00100000000003), (52, 70, 14.852), (52, 51, 18.546999999999997), (52, 49, 14.724), (69, 20, 166.571), (69, 62, 125.478), (69, 68, 265.00100000000003), (69, 70, 311.439), (20, 19, 272.064), (20, 31, 243.596), (20, 27, 111.279), (20, 69, 166.571), (71, 46, 130.171), (71, 72, 135.094), (71, 73, 168.456), (71, 74, 67.595), (46, 71, 130.171), (46, 43, 19.651), (46, 75, 108.99600000000001), (76, 77, 52.769), (76, 78, 82.916), (76, 79, 175.67699999999996), (76, 80, 77.902), (81, 82, 5.048), (81, 83, 19.891), (81, 75, 115.99300000000001), (81, 84, 16.95), (84, 85, 94.196), (84, 73, 25.564), (84, 81, 16.95), (72, 71, 135.094), (72, 86, 99.995), (72, 87, 191.63199999999998), (88, 89, 9.273), (88, 90, 31.682000000000002), (88, 91, 116.40899999999999), (86, 89, 55.587), (86, 92, 145.93800000000002), (86, 93, 91.836), (86, 72, 99.995), (94, 92, 83.758), (94, 95, 118.39699999999999), (94, 96, 80.912), (94, 97, 135.121), (92, 74, 36.945), (92, 94, 83.758), (92, 86, 145.93800000000002), (92, 56, 203.07799999999997), (74, 71, 67.595), (74, 92, 36.945), (74, 48, 163.477), (73, 71, 168.456), (73, 87, 48.187), (73, 84, 25.564), (48, 50, 74.236), (48, 44, 17.821), (48, 74, 163.47700000000003), (56, 50, 14.274), (56, 98, 18.632), (56, 92, 203.078), (70, 52, 14.852), (70, 99, 74.472), (70, 69, 311.43899999999996), (99, 70, 74.472), (93, 96, 70.578), (93, 100, 151.787), (93, 86, 91.836), (101, 95, 126.203), (101, 65, 35.254), (101, 98, 72.322), (101, 63, 34.226), (101, 102, 11.685), (103, 104, 122.99199999999999), (103, 105, 157.89399999999998), (103, 106, 152.29099999999997), (91, 88, 116.409), (107, 104, 80.576), (104, 90, 143.1), (104, 103, 122.99199999999999), (104, 107, 80.57600000000001), (108, 89, 34.944), (89, 88, 9.273), (89, 86, 55.587), (89, 108, 34.944), (109, 106, 48.785), (109, 110, 17.728), (109, 100, 24.491), (111, 96, 134.828), (96, 94, 80.912), (96, 93, 70.578), (96, 111, 134.828), (110, 112, 171.75400000000002), (110, 113, 130.934), (110, 109, 17.728), (114, 100, 66.318), (100, 114, 66.318), (100, 109, 24.491), (100, 93, 151.787), (115, 106, 88.78399999999999), (106, 109, 48.785), (106, 103, 152.291), (106, 115, 88.784), (95, 101, 126.203), (95, 94, 118.397), (95, 116, 123.33899999999998), (117, 97, 57.61), (97, 117, 57.61), (97, 94, 135.121), (97, 112, 57.211), (116, 95, 123.339), (116, 118, 122.207), (116, 119, 53.465999999999994), (119, 116, 53.466), (120, 113, 187.381), (120, 118, 155.192), (120, 112, 84.11000000000001), (120, 121, 119.39099999999999), (113, 122, 74.508), (113, 120, 187.38099999999997), (113, 77, 35.869), (113, 110, 130.934), (123, 124, 64.055), (123, 122, 102.161), (123, 79, 97.856), (105, 125, 6.272), (105, 103, 157.894), (105, 124, 20.93), (118, 126, 18.834), (118, 116, 122.207), (118, 120, 155.192), (79, 127, 43.034), (79, 76, 175.677), (79, 123, 97.856), (124, 123, 64.055), (124, 105, 20.93), (124, 128, 372.629), (78, 128, 33.936), (78, 129, 51.602000000000004), (78, 76, 82.91600000000001), (122, 123, 102.161), (122, 113, 74.508), (122, 77, 113.615), (77, 76, 52.769), (77, 122, 113.61500000000001), (77, 113, 35.869), (80, 130, 70.251), (80, 130, 264.6), (80, 76, 77.902), (121, 131, 44.765), (121, 130, 33.822), (121, 120, 119.39099999999999), (132, 133, 137.26), (132, 60, 11.13), (132, 134, 16.81), (133, 135, 134.543), (133, 135, 134.542), (133, 132, 137.26), (133, 136, 11.242), (135, 137, 3.534), (135, 133, 134.543), (135, 133, 134.542), (137, 135, 3.534), (137, 126, 33.143), (137, 138, 121.037), (131, 139, 22.379), (131, 121, 44.765), (131, 140, 132.825), (141, 139, 135.471), (139, 142, 53.52), (139, 131, 22.379), (139, 141, 135.471), (143, 142, 189.75900000000001), (142, 139, 53.52), (142, 136, 125.272), (142, 143, 189.759), (62, 69, 125.47800000000001), (62, 61, 139.41), (21, 19, 79.89999999999999), (21, 67, 87.69500000000001), (31, 20, 243.596), (31, 144, 119.346), (31, 28, 172.77800000000002), (145, 146, 20.004), (145, 147, 11.114), (145, 148, 13.059999999999999), (148, 149, 16.493), (148, 150, 11.545000000000002), (148, 145, 13.059999999999999), (151, 152, 13.106), (151, 153, 7.018000000000001), (151, 154, 11.608), (146, 145, 20.004), (146, 155, 11.687999999999999), (146, 156, 14.112), (157, 152, 34.609), (157, 158, 67.752), (157, 159, 34.306), (160, 161, 37.727), (160, 162, 21.16), (160, 16, 39.001), (154, 159, 13.907), (154, 163, 40.548), (154, 151, 11.608), (164, 18, 4.275), (164, 16, 6.706), (164, 162, 16.32), (165, 166, 51.077), (165, 167, 15.273), (165, 168, 18.264), (169, 170, 6.97), (169, 171, 28.194000000000003), (169, 172, 23.836), (169, 173, 13.706), (174, 175, 44.852999999999994), (174, 176, 14.344999999999999), (174, 177, 83.283), (174, 173, 61.202), (178, 179, 20.995), (178, 180, 21.35), (178, 177, 85.149), (168, 181, 11.451), (168, 167, 9.503), (168, 165, 18.264), (182, 183, 6.746), (182, 184, 14.24), (182, 185, 35.290000000000006), (167, 165, 15.273), (167, 168, 9.503), (167, 17, 11.648), (186, 187, 17.559), (186, 188, 6.229), (186, 189, 18.953000000000003), (186, 190, 10.373000000000001), (187, 191, 16.867), (187, 186, 17.559), (187, 188, 15.602), (191, 187, 16.867), (191, 179, 6.945), (191, 192, 41.135), (189, 193, 5.041), (189, 194, 38.048), (189, 186, 18.953000000000003), (189, 190, 9.289), (195, 2, 9.812), (195, 196, 7.688), (195, 197, 11.807), (195, 198, 150.965), (199, 200, 9.275), (199, 201, 6.362), (199, 202, 18.055), (199, 4, 14.408000000000001), (203, 204, 6.762), (203, 205, 120.768), (203, 206, 34.564), (206, 207, 10.492), (206, 208, 6.904), (206, 203, 34.564), (208, 209, 6.34), (208, 206, 6.904), (208, 210, 11.335), (208, 204, 26.169), (193, 189, 5.041), (193, 211, 7.606), (193, 212, 25.103), (193, 194, 36.99), (213, 214, 4.232), (213, 215, 5.38), (213, 216, 5.221), (213, 217, 31.358), (218, 219, 7.03), (218, 220, 4.946), (218, 221, 11.744), (218, 207, 7.984), (218, 222, 10.024999999999999), (219, 218, 7.03), (219, 223, 8.304), (219, 224, 28.674999999999997), (223, 219, 8.304), (223, 207, 6.685), (223, 215, 28.504), (221, 225, 4.101), (221, 218, 11.744), (221, 226, 28.976), (227, 228, 29.733), (227, 229, 9.121), (227, 230, 175.889), (227, 231, 37.56), (228, 227, 29.733), (228, 232, 8.168), (228, 233, 99.757), (228, 231, 36.759), (233, 234, 37.004), (233, 228, 99.757), (233, 235, 186.699), (233, 236, 8.744), (237, 234, 37.256), (237, 238, 115.562), (237, 239, 17.684), (240, 241, 8.083), (240, 242, 231.981), (240, 243, 6.852), (240, 244, 6.102), (245, 246, 7.284), (245, 247, 5.822), (245, 248, 232.14700000000002), (245, 249, 10.057), (250, 251, 82.09200000000001), (250, 252, 68.713), (250, 253, 234.41200000000003), (4, 254, 6.634), (4, 1, 47.474999999999994), (4, 199, 14.408000000000001), (4, 13, 112.255), (255, 256, 52.18), (255, 254, 48.264), (255, 257, 10.26), (256, 255, 52.18), (256, 183, 12.022), (256, 192, 65.226), (256, 14, 79.559), (192, 190, 4.487), (192, 256, 65.226), (192, 191, 41.135000000000005), (258, 259, 34.351), (258, 184, 11.747), (258, 260, 47.373), (259, 261, 11.271), (259, 258, 34.351), (259, 262, 68.618), (262, 263, 13.696), (262, 264, 7.525), (262, 259, 68.618), (265, 266, 7.602), (265, 267, 9.351), (265, 260, 37.646), (266, 265, 7.602), (266, 204, 38.489999999999995), (266, 210, 12.353), (268, 267, 14.762), (268, 269, 17.425), (268, 220, 9.543), (268, 212, 8.821), (268, 209, 6.631), (268, 222, 4.02), (270, 238, 62.236999999999995), (270, 271, 34.578), (270, 272, 28.659000000000002), (271, 273, 24.719), (271, 270, 34.578), (271, 274, 117.32400000000001), (275, 276, 17.102), (275, 273, 32.449), (275, 277, 243.149), (276, 278, 145.637), (276, 279, 13.842), (276, 275, 17.102), (279, 280, 134.018), (279, 281, 24.279), (279, 276, 13.842), (281, 282, 177.212), (281, 283, 25.335), (281, 279, 24.279), (283, 284, 17.663), (283, 281, 25.335), (283, 285, 112.045), (284, 272, 7.12), (284, 286, 58.151999999999994), (284, 283, 17.663), (287, 288, 25.253), (287, 289, 130.095), (287, 290, 66.574), (291, 292, 3.947), (291, 293, 32.399), (291, 294, 131.63), (260, 292, 182.61200000000002), (260, 185, 13.689), (260, 258, 47.373), (260, 265, 37.646), (252, 295, 158.105), (252, 250, 68.713), (252, 296, 70.601), (297, 298, 89.694), (297, 299, 154.64000000000001), (297, 300, 50.024), (301, 296, 119.095), (301, 302, 190.81799999999998), (301, 303, 64.866), (299, 293, 141.502), (299, 304, 53.295), (299, 297, 154.64), (304, 305, 4.151), (304, 299, 53.294999999999995), (304, 306, 18.65), (307, 308, 35.635), (307, 305, 30.686), (307, 306, 47.197), (308, 307, 35.635), (308, 197, 13.392), (308, 264, 19.043999999999997), (197, 195, 11.807), (197, 264, 12.176), (197, 308, 13.392), (197, 196, 10.198), (264, 200, 14.381), (264, 262, 7.525), (264, 197, 12.176), (264, 308, 19.043999999999997), (309, 310, 95.809), (309, 302, 81.621), (309, 311, 61.153999999999996), (311, 312, 72.58), (311, 313, 54.213), (311, 309, 61.153999999999996), (313, 314, 37.84), (313, 311, 54.213), (313, 315, 188.37800000000001), (315, 289, 149.091), (315, 316, 40.931999999999995), (315, 313, 188.37800000000001), (294, 317, 40.772999999999996), (294, 291, 131.63), (294, 318, 34.589), (294, 289, 160.633), (298, 318, 1.687), (298, 319, 38.578), (298, 297, 89.694), (295, 316, 84.982), (295, 252, 158.105), (295, 312, 192.681), (312, 311, 72.58), (312, 302, 42.379), (312, 295, 192.681), (302, 309, 81.621), (302, 301, 190.81799999999998), (302, 312, 42.379), (289, 287, 130.095), (289, 315, 149.091), (289, 294, 160.633), (310, 320, 27.1), (310, 309, 95.809), (310, 314, 88.684), (314, 313, 37.84), (314, 321, 32.134), (314, 310, 88.684), (296, 252, 70.601), (296, 301, 119.095), (296, 322, 38.339), (322, 296, 38.339), (317, 323, 15.758), (317, 294, 40.772999999999996), (317, 319, 35.201), (300, 320, 29.423), (300, 319, 75.473), (300, 297, 50.024), (319, 317, 35.201), (319, 300, 75.473), (319, 298, 38.578), (293, 291, 32.399), (293, 299, 141.502), (293, 318, 134.463), (9, 10, 113.712), (9, 5, 113.902), (9, 13, 58.559999999999995), (9, 324, 47.620999999999995), (177, 178, 85.149), (177, 174, 83.283), (177, 325, 13.555), (7, 6, 73.17), (7, 5, 42.074), (7, 326, 131.011), (324, 14, 67.397), (324, 325, 45.66), (324, 9, 47.620999999999995), (176, 12, 36.236), (176, 174, 14.344999999999999), (176, 325, 88.668), (325, 176, 88.668), (325, 177, 13.555), (325, 324, 45.66), (6, 7, 73.17), (6, 3, 225.45000000000002), (6, 37, 61.248), (327, 328, 10.312), (327, 329, 59.976), (327, 330, 14.581999999999999), (331, 332, 50.106), (331, 331, 120.12399999999998), (331, 331, 120.124), (333, 334, 52.588), (333, 335, 37.866), (333, 329, 34.444), (158, 161, 52.531), (158, 157, 67.752), (158, 334, 75.808), (35, 8, 84.792), (35, 37, 57.084), (35, 336, 79.645), (336, 337, 22.501), (336, 35, 79.645), (336, 338, 85.918), (337, 338, 54.559), (337, 336, 22.501), (337, 339, 158.55), (14, 13, 66.519), (14, 324, 67.39699999999999), (14, 256, 79.559), (172, 340, 34.619), (172, 169, 23.836), (172, 341, 17.664), (342, 343, 23.313000000000002), (342, 344, 127.162), (342, 345, 27.91), (344, 346, 56.276), (344, 347, 119.922), (344, 342, 127.162), (346, 344, 56.276), (346, 348, 230.12900000000005), (346, 349, 58.893), (349, 350, 55.647), (349, 346, 58.893), (349, 235, 122.114), (351, 350, 6.729), (351, 352, 210.209), (351, 353, 92.56799999999998), (353, 348, 80.28), (353, 354, 142.978), (353, 351, 92.56800000000001), (354, 355, 169.916), (354, 353, 142.978), (354, 356, 188.83599999999998), (354, 352, 62.387), (357, 358, 394.367), (357, 359, 16.242), (357, 360, 12.145), (361, 362, 24.48), (361, 360, 16.837), (361, 359, 15.248999999999999), (360, 363, 26.355), (360, 357, 12.145), (360, 361, 16.837), (348, 346, 230.12900000000002), (348, 356, 313.99699999999996), (348, 353, 80.28), (348, 364, 115.54899999999999), (149, 148, 16.493), (149, 365, 455.166), (149, 150, 13.542000000000002), (365, 356, 78.581), (365, 149, 455.16600000000005), (365, 366, 160.66), (356, 365, 78.581), (356, 348, 313.997), (356, 364, 354.27700000000004), (356, 367, 103.92999999999999), (356, 354, 188.836), (356, 366, 152.93800000000002), (368, 369, 57.266), (368, 370, 317.885), (368, 371, 273.976), (368, 372, 279.315), (372, 373, 226.566), (372, 368, 279.315), (372, 374, 48.150999999999996), (375, 376, 73.353), (375, 377, 112.381), (375, 378, 12.82), (371, 379, 193.376), (371, 368, 273.97600000000006), (371, 376, 243.40099999999998), (366, 377, 108.991), (366, 363, 166.431), (366, 365, 160.66000000000003), (366, 356, 152.93800000000002), (364, 348, 115.549), (364, 356, 354.277), (364, 380, 130.414), (381, 382, 52.592), (381, 383, 321.034), (381, 384, 63.767), (381, 385, 229.178), (386, 362, 83.019), (386, 355, 120.322), (386, 387, 100.426), (386, 388, 71.745), (367, 355, 81.134), (367, 356, 103.92999999999999), (367, 389, 102.537), (347, 390, 60.723), (347, 235, 118.28800000000001), (347, 344, 119.922), (347, 231, 153.331), (235, 347, 118.288), (235, 233, 186.69899999999998), (235, 391, 117.34100000000001), (235, 349, 122.114), (391, 392, 76.78), (391, 393, 146.48600000000002), (391, 235, 117.34100000000001), (231, 227, 37.559999999999995), (231, 347, 153.331), (231, 228, 36.759), (394, 395, 13.298), (394, 396, 140.45), (394, 397, 24.591), (394, 398, 6.352), (399, 400, 119.74300000000001), (399, 401, 89.187), (399, 402, 26.216), (399, 403, 106.634), (402, 404, 158.757), (402, 405, 92.291), (402, 399, 26.216), (402, 406, 96.013), (407, 408, 13.218), (407, 409, 17.697000000000003), (407, 410, 151.945), (409, 411, 147.811), (409, 412, 13.866), (409, 407, 17.697000000000003), (412, 413, 15.86), (412, 409, 13.866), (412, 414, 144.33), (413, 415, 141.824), (413, 416, 15.526), (413, 412, 15.86), (416, 417, 139.828), (416, 418, 17.078000000000003), (416, 413, 15.526), (419, 420, 147.991), (419, 395, 19.101), (419, 421, 16.072000000000003), (422, 423, 25.191), (422, 424, 6.471), (422, 425, 231.503), (422, 426, 15.184000000000001), (427, 428, 11.219), (427, 429, 89.78), (427, 426, 44.467000000000006), (428, 423, 59.468), (428, 427, 11.219), (428, 430, 19.383000000000003), (431, 432, 83.222), (431, 430, 2.559), (431, 433, 56.864000000000004), (433, 434, 196.815), (433, 435, 11.612), (433, 431, 56.864), (435, 248, 235.68), (435, 436, 25.484), (435, 433, 11.612), (435, 437, 5.729), (408, 407, 13.218), (408, 438, 26.085), (408, 439, 6.433), (408, 440, 141.22), (441, 442, 17.732), (441, 285, 154.503), (441, 443, 104.12100000000001), (444, 244, 6.797), (444, 445, 120.088), (444, 443, 180.93500000000003), (274, 393, 52.408), (274, 271, 117.32400000000001), (274, 238, 175.964), (274, 446, 193.923), (393, 274, 52.408), (393, 447, 61.562999999999995), (393, 391, 146.486), (448, 175, 22.376), (448, 449, 4.712), (448, 450, 39.099000000000004), (343, 342, 23.313000000000002), (343, 340, 17.057000000000002), (343, 450, 60.066), (352, 447, 72.285), (352, 351, 210.209), (352, 354, 62.387), (447, 352, 72.285), (447, 392, 155.59199999999998), (447, 393, 61.562999999999995), (350, 351, 6.729), (350, 349, 55.647), (350, 392, 102.169), (392, 391, 76.78), (392, 350, 102.16900000000001), (392, 447, 155.59199999999998), (273, 451, 163.899), (273, 275, 32.449), (273, 271, 24.719), (451, 452, 73.155), (451, 273, 163.899), (451, 453, 113.733), (451, 454, 93.327), (451, 455, 76.69), (362, 386, 83.019), (362, 355, 155.851), (362, 361, 24.48), (282, 456, 42.161), (282, 281, 177.212), (282, 457, 66.83), (282, 458, 175.965), (282, 280, 128.473), (280, 279, 134.018), (280, 458, 121.386), (280, 282, 128.473), (280, 278, 64.962), (456, 459, 64.727), (456, 282, 42.161), (456, 457, 52.383), (455, 451, 76.69), (329, 460, 137.197), (329, 327, 59.976), (329, 333, 34.444), (460, 329, 137.197), (460, 461, 22.158), (460, 462, 154.439), (32, 463, 35.716), (32, 464, 394.54), (32, 28, 198.102), (32, 465, 95.202), (462, 466, 5.409), (462, 338, 32.691), (462, 460, 154.43899999999996), (462, 467, 65.033), (335, 334, 67.154), (335, 333, 37.866), (335, 332, 2.409), (161, 160, 37.727), (161, 158, 52.531), (161, 334, 55.741), (334, 158, 75.808), (334, 333, 52.588), (334, 161, 55.741), (334, 335, 67.154), (334, 162, 82.518), (162, 334, 82.518), (162, 160, 21.16), (162, 164, 16.32), (323, 317, 15.758), (323, 321, 15.744), (323, 468, 116.831), (469, 468, 78.225), (469, 468, 98.877), (469, 321, 26.524), (321, 314, 32.134), (321, 323, 15.744), (321, 469, 26.524), (373, 470, 22.926), (373, 369, 164.231), (373, 372, 226.566), (470, 373, 22.926), (470, 471, 3.553), (470, 472, 35.942), (473, 474, 113.604), (473, 472, 17.466), (473, 475, 20.681), (475, 476, 21.271), (475, 473, 20.681), (475, 471, 22.871), (476, 477, 165.165), (476, 475, 21.271), (476, 478, 87.299), (479, 480, 6.039), (479, 481, 56.443), (479, 482, 6.02), (479, 483, 65.453), (484, 485, 4.738), (484, 486, 255.8), (484, 487, 102.572), (484, 488, 140.392), (487, 489, 49.486), (487, 490, 68.484), (487, 491, 47.335), (487, 484, 102.572), (487, 485, 100.797), (492, 493, 14.682), (492, 494, 13.45), (492, 495, 5.571), (401, 496, 19.418), (401, 497, 106.171), (401, 399, 89.187), (497, 498, 69.944), (497, 499, 134.443), (497, 500, 93.512), (497, 401, 106.171), (501, 502, 24.181), (501, 503, 29.523), (501, 504, 75.292), (502, 505, 53.567), (502, 506, 93.715), (502, 501, 24.181), (502, 507, 90.99000000000001), (395, 394, 13.298), (395, 506, 152.688), (395, 419, 19.101), (508, 509, 74.467), (508, 417, 95.922), (508, 510, 69.77099999999999), (508, 511, 68.162), (508, 512, 90.609), (508, 513, 72.104), (514, 515, 256.885), (514, 516, 298.298), (514, 517, 289.955), (514, 512, 9.998), (518, 457, 48.626), (518, 519, 89.939), (518, 520, 82.467), (518, 521, 30.186), (516, 458, 140.358), (516, 522, 72.563), (516, 514, 298.298), (516, 523, 167.153), (516, 524, 267.318), (516, 525, 81.547), (526, 522, 29.062), (526, 527, 84.963), (526, 528, 57.805), (526, 529, 143.25), (530, 531, 94.894), (530, 532, 75.899), (530, 533, 102.376), (530, 534, 92.753), (535, 536, 170.191), (535, 277, 75.371), (535, 537, 59.61), (535, 538, 143.037), (535, 539, 46.952), (387, 359, 105.244), (387, 386, 100.426), (387, 537, 211.832), (387, 540, 113.327), (359, 387, 105.244), (359, 357, 16.241999999999997), (359, 361, 15.248999999999999), (363, 360, 26.355), (363, 378, 170.2), (363, 377, 132.966), (363, 366, 166.431), (378, 541, 336.691), (378, 363, 170.2), (378, 375, 12.82), (541, 378, 336.691), (541, 542, 5.495), (541, 358, 15.496), (543, 369, 323.007), (543, 370, 2.613), (543, 544, 13.358), (545, 546, 362.619), (545, 547, 7.394), (545, 544, 5.689), (383, 381, 321.034), (383, 548, 9.175), (383, 549, 16.523), (549, 550, 4.941), (549, 385, 325.608), (549, 383, 16.523), (544, 472, 375.295), (544, 545, 5.689), (544, 543, 13.358), (472, 544, 375.295), (472, 470, 35.942), (472, 473, 17.466), (481, 477, 118.24), (481, 479, 56.443), (481, 551, 77.453), (486, 484, 255.8), (486, 551, 54.998), (486, 552, 126.109), (553, 552, 98.693), (553, 554, 146.462), (553, 478, 177.837), (552, 489, 196.281), (552, 553, 98.693), (552, 486, 126.109), (555, 556, 17.662), (555, 557, 10.965), (558, 485, 136.027), (558, 490, 52.214), (558, 557, 437.49), (558, 559, 469.13800000000003), (490, 558, 52.214), (490, 487, 68.484), (490, 560, 5.059), (561, 562, 165.572), (561, 563, 6.908), (561, 564, 91.854), (561, 565, 6.103), (561, 566, 177.40800000000002), (561, 567, 163.966), (491, 560, 86.956), (491, 568, 168.981), (491, 489, 60.169), (491, 487, 47.335), (569, 570, 176.91), (569, 571, 218.21), (569, 572, 234.778), (569, 563, 218.977), (573, 574, 173.251), (573, 570, 5.218), (573, 564, 66.508), (573, 575, 159.10800000000003), (574, 576, 48.779), (574, 573, 173.251), (574, 577, 170.591), (574, 578, 69.296), (494, 579, 7.53), (494, 580, 9.514), (494, 492, 13.450000000000001), (581, 577, 134.012), (581, 582, 14.413), (581, 583, 13.811000000000002), (582, 575, 133.854), (582, 584, 13.442000000000002), (582, 581, 14.413), (584, 572, 136.5), (584, 585, 11.556000000000001), (584, 582, 13.442), (586, 587, 139.3), (586, 588, 11.093999999999998), (586, 589, 8.361), (588, 590, 138.866), (588, 591, 14.121), (588, 586, 11.094), (592, 593, 135.453), (592, 594, 15.003), (592, 595, 13.954), (594, 596, 133.245), (594, 583, 11.342), (594, 592, 15.002999999999998), (597, 598, 142.471), (597, 587, 100.493), (597, 599, 152.36), (597, 600, 139.075), (601, 602, 162.186), (601, 603, 47.119), (601, 598, 80.871), (604, 605, 77.132), (604, 606, 7.324), (604, 607, 46.328), (605, 608, 64.605), (605, 604, 77.132), (605, 609, 58.206), (610, 608, 6.185), (610, 611, 204.472), (610, 612, 16.815), (610, 613, 55.431), (613, 609, 27.009), (613, 614, 93.499), (613, 610, 55.431), (613, 615, 98.049), (286, 285, 103.234), (286, 616, 100.891), (286, 284, 58.151999999999994), (285, 521, 137.421), (285, 286, 103.234), (285, 441, 154.503), (285, 283, 112.045), (515, 514, 256.885), (515, 617, 195.15), (515, 614, 11.988), (618, 619, 83.568), (618, 620, 125.558), (618, 554, 52.975), (618, 621, 68.226), (618, 567, 93.01), (554, 618, 52.975), (554, 553, 146.462), (554, 619, 64.571), (554, 621, 43.612), (621, 474, 187.649), (621, 618, 68.226), (621, 554, 43.612), (621, 622, 167.333), (623, 624, 8.637), (623, 580, 9.152000000000001), (623, 625, 13.706999999999999), (489, 487, 49.486), (489, 626, 98.497), (489, 552, 196.281), (489, 491, 60.169), (489, 627, 211.38), (595, 628, 135.97), (595, 592, 13.954), (595, 591, 9.89), (536, 535, 170.191), (536, 629, 75.222), (536, 382, 159.753), (531, 530, 94.894), (531, 629, 138.918), (531, 534, 53.521), (531, 624, 221.357), (585, 630, 138.864), (585, 589, 13.445999999999998), (585, 584, 11.556000000000001), (589, 631, 138.534), (589, 586, 8.361), (589, 585, 13.446000000000002), (591, 632, 137.827), (591, 595, 9.89), (591, 588, 14.120999999999999), (583, 633, 132.349), (583, 581, 13.811), (583, 594, 11.341999999999999), (547, 622, 327.455), (547, 545, 7.394), (547, 548, 16.588), (548, 634, 315.251), (548, 383, 9.175), (548, 547, 16.588), (358, 357, 394.367), (358, 550, 2.347), (358, 541, 15.496), (379, 371, 193.376), (379, 370, 18.055999999999997), (379, 542, 14.051000000000002), (580, 635, 10.889), (580, 623, 9.152), (580, 494, 9.514), (495, 636, 14.013), (495, 492, 5.571), (495, 637, 30.691), (637, 384, 15.28), (637, 495, 30.691), (637, 625, 7.41), (625, 638, 16.403), (625, 637, 7.41), (625, 623, 13.707), (512, 639, 89.645), (512, 524, 95.602), (512, 617, 104.084), (512, 514, 9.998), (512, 508, 90.609), (520, 518, 82.467), (520, 640, 41.267), (520, 509, 71.783), (520, 459, 102.995), (459, 524, 94.249), (459, 456, 64.727), (459, 458, 194.95), (459, 520, 102.995), (458, 516, 140.358), (458, 280, 121.386), (458, 282, 175.965), (458, 523, 121.451), (458, 459, 194.95), (509, 513, 12.93), (509, 520, 71.783), (509, 524, 93.846), (509, 508, 74.467), (421, 419, 16.072000000000003), (421, 418, 14.13), (421, 641, 144.779), (642, 643, 104.664), (642, 639, 83.82), (642, 644, 101.156), (642, 645, 98.379), (418, 646, 142.311), (418, 421, 14.13), (418, 416, 17.078000000000003), (647, 426, 235.352), (647, 429, 188.865), (647, 648, 34.883), (426, 647, 235.352), (426, 427, 44.467), (426, 422, 15.184000000000001), (432, 431, 83.222), (432, 434, 154.528), (432, 649, 39.376), (429, 649, 34.886), (429, 647, 188.865), (429, 427, 89.78), (434, 433, 196.815), (434, 650, 83.747), (434, 432, 154.528), (217, 651, 156.808), (217, 249, 131.475), (217, 213, 31.358), (651, 217, 156.808), (651, 652, 8.776), (651, 249, 204.455), (249, 651, 204.455), (249, 217, 131.475), (249, 245, 10.057), (537, 539, 38.557), (537, 535, 59.61), (537, 387, 211.832), (537, 385, 186.845), (277, 539, 56.827), (277, 535, 75.37100000000001), (277, 275, 243.149), (277, 278, 157.346), (385, 540, 65.499), (385, 549, 325.608), (385, 381, 229.178), (385, 537, 186.845), (376, 371, 243.40099999999998), (376, 375, 73.353), (376, 542, 288.244), (369, 373, 164.231), (369, 368, 57.266), (369, 543, 323.007), (382, 638, 59.529), (382, 381, 52.592), (382, 536, 159.753), (653, 654, 122.585), (653, 493, 69.623), (653, 634, 59.069), (63